128 128 

48	46	45	46	45	42	42	44	38	38	41	37	43	71	82	62	41	22	14	20	27	30	30	27	22	26	30	30	27	25	24	25	29	29	29	29	29	29	29	29	31	29	27	29	32	32	28	23	11	12	12	11	11	11	10	11	13	40	104	121	111	116	106	103	113	116	121	126	129	132	135	137	138	139	139	139	141	144	144	140	101	79	110	77	16	38	74	88	100	109	114	117	126	128	125	124	113	108	100	93	89	92	104	115	132	135	138	137	132	128	126	125	123	123	123	124	126	129	132	133	130	131	132	131	131	130	130	130
42	45	46	46	50	53	45	35	39	36	41	38	41	62	72	56	41	26	22	30	32	32	31	28	26	28	29	29	28	26	26	26	28	28	28	28	29	29	30	31	30	30	30	32	32	29	22	17	11	12	11	11	12	11	11	11	13	30	95	127	122	126	122	122	122	125	128	131	133	134	137	139	139	140	139	138	140	143	143	139	114	89	95	96	36	20	75	93	107	115	117	116	120	121	120	122	128	125	119	113	104	98	97	99	106	112	120	127	131	131	130	130	127	128	130	131	131	130	128	127	133	133	134	134	135	133	131	130
50	49	43	38	42	49	47	36	40	37	41	41	39	49	56	49	40	33	35	40	37	33	30	28	30	29	28	28	28	28	27	26	27	27	27	27	28	29	31	32	31	32	34	33	30	23	15	11	11	11	11	10	11	11	10	10	14	17	83	133	133	133	136	138	134	135	137	137	136	137	139	141	140	141	140	138	139	142	141	139	130	106	80	112	65	6	67	98	115	124	123	116	116	116	117	120	117	118	122	127	125	119	114	112	103	100	98	100	108	118	128	134	134	132	130	129	131	133	136	138	133	132	132	134	136	136	134	131
48	48	51	51	49	46	46	47	42	37	41	45	40	40	43	44	41	37	41	43	36	30	30	28	32	29	26	26	28	29	28	26	27	26	26	26	28	30	32	33	33	34	34	31	24	16	10	8	10	11	10	10	11	10	10	10	16	9	68	134	140	132	137	139	141	141	141	140	139	139	141	143	142	142	140	138	139	141	141	138	141	122	77	107	89	17	46	94	119	128	128	120	120	121	119	118	116	117	121	126	128	125	120	118	117	108	96	90	93	102	111	116	132	131	131	131	132	133	133	134	132	130	128	130	133	135	134	133
99	105	116	117	90	53	38	43	44	40	41	47	42	37	38	42	41	39	41	40	32	27	28	29	32	29	26	25	27	29	28	27	27	27	27	27	28	30	32	33	34	33	29	23	17	11	9	9	11	11	10	10	11	10	10	10	16	8	55	126	144	132	136	137	140	141	141	140	140	140	142	144	144	144	142	139	139	142	141	139	144	133	90	86	100	50	26	79	115	127	130	127	131	133	126	120	117	113	112	115	118	120	122	124	123	119	114	110	107	103	98	94	93	101	115	128	137	140	140	138	137	134	130	129	131	133	133	133
145	146	150	136	95	50	35	44	45	42	43	46	44	38	38	42	43	39	37	34	28	28	30	28	30	29	28	27	27	28	28	28	27	27	28	29	30	31	31	32	33	29	22	15	10	9	9	10	10	11	11	10	11	11	10	10	13	11	39	107	142	134	138	139	139	140	141	141	141	142	143	145	146	145	143	140	141	144	144	142	143	139	109	73	99	82	23	56	102	120	130	131	136	140	133	125	120	116	112	111	111	113	118	123	127	126	124	122	119	115	110	107	89	93	99	108	118	128	136	141	138	137	135	133	131	131	132	133
118	118	107	82	54	41	43	53	43	43	41	43	44	43	41	44	45	38	35	33	30	33	34	28	30	31	31	31	29	29	30	31	27	28	30	31	32	31	30	30	28	22	15	10	9	10	11	12	12	12	11	11	12	11	11	11	7	15	23	81	131	131	136	140	140	142	143	144	144	144	144	145	147	147	144	142	143	146	146	145	142	141	125	80	92	98	41	34	86	113	131	132	134	138	135	132	139	135	130	122	112	103	100	101	121	122	123	124	124	124	126	127	129	123	113	105	101	103	107	110	123	127	132	134	133	132	132	134
113	114	97	61	41	44	46	40	42	43	39	39	44	45	43	44	45	37	33	32	33	38	37	28	30	32	34	34	31	30	31	33	27	28	30	33	33	32	30	29	24	17	11	9	10	12	12	10	11	12	12	11	12	12	11	11	4	18	11	60	119	125	131	137	142	144	146	147	146	145	145	146	148	147	145	142	144	147	148	147	143	141	133	92	86	101	60	20	76	109	131	131	129	132	135	136	131	133	135	132	122	111	105	105	102	111	124	132	133	130	127	125	121	122	122	121	117	110	103	99	103	113	125	132	133	132	134	136
141	124	96	81	81	83	79	80	80	80	79	80	79	80	81	81	83	77	70	65	59	51	41	32	31	30	31	32	34	35	34	33	32	34	35	42	34	26	30	16	14	12	10	9	10	11	11	11	10	11	11	11	11	11	11	11	5	16	11	38	76	82	89	100	117	124	135	142	145	145	144	144	144	145	145	145	145	144	142	142	140	138	147	112	80	97	82	33	40	94	122	131	131	129	136	132	136	137	137	136	134	131	128	126	106	96	96	104	111	118	125	127	129	125	122	125	129	129	122	114	106	102	101	105	114	124	134	142
128	124	113	110	114	116	114	114	109	109	108	107	107	107	107	106	118	114	108	102	96	88	80	75	53	48	41	35	32	29	28	28	35	31	27	35	31	26	31	17	13	11	10	10	11	11	11	10	10	11	11	11	11	11	11	11	7	12	11	32	79	103	100	102	104	111	122	131	137	140	142	143	141	140	139	139	141	145	149	151	144	145	144	133	92	85	96	51	26	79	119	126	131	135	132	134	136	137	138	138	137	135	133	132	132	118	107	101	97	101	113	119	123	124	126	127	127	126	125	124	121	114	108	105	107	112	119	123
96	104	110	116	126	127	124	125	128	127	126	124	122	122	121	120	123	122	122	122	121	121	121	121	130	122	109	95	83	72	64	59	53	45	31	35	27	15	18	8	13	12	10	11	11	12	10	9	10	11	11	11	11	11	11	11	10	6	14	23	79	130	116	109	109	106	102	100	104	114	127	136	143	142	142	141	141	142	143	143	145	146	139	152	108	76	105	78	19	51	107	121	129	141	130	137	136	137	139	140	140	140	139	138	138	132	128	122	108	99	98	96	108	116	125	129	128	127	128	131	131	126	120	114	111	109	108	107
98	106	113	121	131	132	129	130	130	128	127	125	125	123	122	121	115	117	119	120	122	125	128	131	127	126	124	121	116	109	100	95	90	84	69	63	38	8	5	4	12	11	11	12	12	12	10	8	10	11	11	11	11	11	11	11	12	3	16	14	69	142	131	121	127	119	107	98	95	101	110	117	128	132	138	143	145	143	140	138	143	141	134	152	124	80	95	98	34	21	85	118	124	141	130	139	137	138	140	141	141	141	140	140	132	134	141	143	131	117	103	91	94	101	112	121	127	130	132	133	130	131	130	128	125	121	114	108
121	122	120	123	131	133	131	132	131	131	131	130	129	128	129	128	129	129	127	123	120	118	119	120	119	121	123	126	128	127	123	118	120	123	114	103	65	15	7	14	12	12	11	12	12	12	10	8	10	11	11	11	11	11	11	11	13	3	19	7	52	133	138	133	135	135	134	131	125	117	109	103	102	108	118	129	138	143	145	145	143	139	137	143	137	98	76	101	65	6	59	109	116	135	132	138	139	139	140	140	140	139	138	138	140	137	139	140	137	134	127	116	97	94	94	101	114	126	133	135	129	132	132	131	130	131	127	121
126	125	119	119	125	128	127	130	132	132	131	131	132	132	132	132	131	130	127	124	122	121	121	120	122	120	117	115	115	115	114	114	120	127	124	121	83	24	9	19	13	12	10	11	11	12	10	9	10	11	11	11	11	11	11	11	12	5	15	6	36	108	135	137	133	136	139	141	139	131	122	115	106	107	109	113	118	125	131	134	140	141	143	138	142	115	73	85	87	17	38	89	110	127	131	138	138	139	139	139	138	137	137	136	143	138	138	139	140	144	142	132	117	104	90	86	95	111	126	134	133	133	129	124	125	132	134	132
122	127	127	127	130	129	129	133	129	128	128	128	128	127	128	128	122	119	118	120	123	125	124	123	116	114	113	114	117	120	123	124	111	115	111	118	92	32	8	13	14	12	10	10	11	11	11	10	10	11	11	11	11	11	11	11	11	7	10	9	25	81	126	131	130	130	130	132	134	135	133	131	128	124	118	112	108	108	109	110	124	139	138	138	137	122	94	64	90	47	27	60	106	123	126	137	138	138	138	138	138	137	137	137	137	137	140	141	140	143	142	133	134	126	110	94	86	92	108	121	132	133	130	125	125	132	135	131
108	119	127	129	128	124	122	126	128	127	128	127	126	126	126	125	127	122	119	119	122	122	119	115	114	114	114	115	115	112	108	105	116	112	105	117	101	42	11	8	14	12	10	9	10	11	11	11	11	11	11	11	10	10	10	10	10	7	5	11	21	64	119	124	125	128	133	139	142	142	137	133	134	131	126	119	113	108	105	103	105	131	128	140	130	122	118	50	83	72	24	39	104	121	121	137	136	137	137	138	138	138	138	139	138	138	139	134	130	136	142	139	141	142	133	111	87	80	91	106	126	132	134	132	134	136	133	125
99	91	98	109	113	120	125	119	125	126	127	128	127	128	131	132	130	128	125	124	122	120	118	114	114	111	110	112	112	109	106	105	108	106	112	104	102	73	17	16	14	13	12	12	11	10	10	11	11	12	12	12	12	12	12	12	9	14	8	10	14	33	76	103	113	122	131	133	133	135	135	132	136	137	136	134	133	132	127	122	105	96	89	94	107	115	94	62	62	89	38	27	76	96	114	134	133	135	137	138	139	139	137	136	137	139	139	136	135	136	137	137	138	139	137	133	128	116	94	74	99	111	124	129	128	130	134	138
119	107	105	107	106	112	119	118	124	125	126	127	126	126	128	130	129	127	124	122	121	119	116	114	112	110	109	110	111	108	105	104	103	102	108	101	102	78	24	15	13	13	12	12	11	10	10	11	11	12	12	12	12	12	12	12	10	11	6	8	12	26	66	97	103	113	121	122	124	130	138	141	139	140	139	136	136	136	134	131	121	109	97	87	81	81	77	69	57	73	49	21	53	94	109	129	140	141	139	134	131	133	139	145	137	140	140	137	135	136	137	136	136	136	136	134	133	126	110	94	76	91	112	128	136	135	130	125
139	129	124	120	115	116	122	123	122	123	124	124	124	124	126	127	126	122	119	116	114	112	110	108	107	105	104	105	105	102	100	99	96	98	101	97	102	86	36	12	13	12	12	12	10	10	11	11	11	12	12	12	12	12	12	12	11	8	6	9	10	20	59	104	88	94	103	113	123	133	137	136	141	141	139	136	136	138	139	139	138	131	125	112	90	68	47	32	56	61	71	33	30	76	87	101	117	128	139	143	140	137	138	141	139	141	141	138	136	136	136	135	134	135	136	138	140	139	130	120	95	87	84	95	114	131	137	136
136	134	134	134	129	124	122	122	119	119	120	121	122	122	123	124	120	116	112	108	106	104	102	102	100	97	96	98	98	95	92	91	91	94	93	91	99	90	49	10	12	12	12	12	10	10	10	11	11	12	12	12	12	12	12	12	11	6	10	12	11	18	59	122	102	91	85	92	110	127	134	132	139	140	138	134	133	136	140	141	144	144	143	139	126	101	57	13	42	45	76	60	31	50	73	82	92	107	126	138	142	140	139	138	139	142	142	140	138	138	138	136	136	135	136	139	143	145	142	138	119	98	79	82	101	121	129	129
126	128	130	132	130	122	116	115	116	116	116	117	119	120	122	121	117	112	107	103	101	99	98	97	94	92	91	93	93	90	88	87	87	90	87	88	94	90	59	13	12	12	12	11	11	11	10	10	11	11	11	11	11	11	11	11	11	6	15	11	7	12	50	127	138	115	87	73	80	100	124	138	135	139	139	135	132	135	139	142	142	143	140	135	139	142	110	63	30	32	58	81	44	32	78	93	103	105	108	113	120	128	137	142	137	141	142	140	139	140	139	138	138	137	137	139	142	143	143	143	142	122	98	84	82	92	110	125
132	133	130	130	130	124	115	118	117	116	115	115	117	118	117	116	112	108	102	97	94	93	92	91	90	87	87	89	89	87	84	83	84	85	81	86	87	86	68	20	12	11	10	11	11	10	10	10	11	11	11	11	11	11	11	11	14	6	17	8	4	7	33	109	149	136	116	93	77	80	102	122	129	136	140	138	135	136	140	142	142	146	143	133	137	151	140	110	61	46	49	84	54	20	69	100	117	115	110	108	112	118	125	129	132	136	138	138	138	140	140	139	140	138	138	139	140	138	140	142	148	141	125	100	74	69	91	118
140	140	134	132	136	130	121	122	122	119	116	116	115	114	111	109	105	99	92	86	84	83	82	82	82	79	79	81	82	80	78	77	79	79	75	85	82	81	76	32	12	10	10	11	10	10	10	11	11	11	11	11	11	11	11	11	15	5	15	4	6	9	16	81	138	140	139	127	106	88	86	92	116	127	137	139	136	136	139	141	144	145	148	144	140	143	140	128	111	71	57	77	61	27	47	92	114	120	126	129	126	121	116	113	124	129	133	134	136	138	140	139	139	138	138	141	140	137	138	141	131	138	144	136	112	87	80	87
133	136	131	133	139	131	118	117	126	122	118	116	114	111	107	104	96	90	83	77	75	73	73	73	73	71	70	73	73	71	69	69	76	76	72	84	79	77	80	40	10	10	10	11	10	10	11	11	11	11	11	11	11	11	11	11	15	3	13	4	12	16	10	64	136	137	139	138	125	103	86	79	105	118	132	136	135	134	136	137	144	135	138	146	144	140	143	146	130	77	63	69	69	47	37	92	111	123	136	141	135	126	119	117	119	124	128	131	133	137	139	138	138	137	139	142	141	137	139	143	145	139	137	138	129	109	90	83
142	140	137	134	137	138	124	107	105	113	114	111	111	108	97	90	69	56	43	39	40	39	39	40	45	45	44	43	44	46	48	49	47	54	57	60	65	70	64	55	18	14	9	8	9	12	11	11	11	11	11	11	11	11	11	11	10	8	10	12	8	5	14	28	117	139	147	137	137	135	110	84	83	84	98	122	135	134	132	135	140	140	141	141	140	141	142	142	138	101	62	77	66	34	54	73	104	123	129	128	134	136	135	140	131	128	124	122	123	127	132	136	138	139	139	139	139	140	141	141	139	142	140	136	134	129	112	94
138	140	138	135	139	138	126	112	119	118	114	113	116	109	89	72	43	34	27	28	29	28	27	28	29	29	28	28	29	30	32	33	35	39	43	44	48	53	49	40	18	13	8	8	12	14	11	7	11	11	11	11	11	11	11	11	11	9	10	12	9	7	13	24	101	139	145	138	142	141	130	110	93	88	92	107	122	130	134	137	136	138	140	141	143	145	144	143	143	118	73	69	72	36	35	74	98	119	129	129	136	137	135	138	136	135	131	128	127	127	128	128	134	135	135	136	137	138	140	140	137	140	139	137	137	136	126	113
134	138	139	139	140	139	129	118	108	109	111	115	109	87	53	28	27	26	26	29	31	30	28	29	25	26	27	27	28	29	29	30	26	30	31	31	36	41	38	32	23	18	14	15	18	18	13	8	11	11	11	11	11	11	11	11	12	9	9	12	11	9	12	18	78	139	143	137	144	143	147	135	114	103	92	93	107	123	134	137	135	137	139	141	145	147	147	144	145	136	87	59	76	46	19	73	90	116	129	131	137	138	135	137	139	139	137	136	133	131	128	126	130	131	132	133	134	135	137	138	136	140	140	138	139	142	139	133
131	136	139	140	140	138	131	123	122	118	118	115	96	69	43	29	28	30	34	37	37	36	35	37	32	33	35	36	37	37	36	36	31	32	33	33	36	40	39	36	32	29	27	25	25	22	16	12	11	11	11	11	11	11	11	11	13	10	10	12	13	11	10	12	56	135	144	138	142	137	148	141	135	124	106	94	99	115	129	133	137	139	141	139	141	145	146	142	142	143	104	57	74	64	22	57	86	115	130	132	137	138	135	138	138	139	138	138	138	136	135	133	131	131	132	132	133	133	135	135	137	141	143	141	140	142	142	140
129	133	137	138	139	137	131	126	117	89	67	54	37	25	26	27	32	35	36	36	34	34	35	35	34	35	36	38	39	38	38	37	38	38	38	37	39	41	42	40	37	37	36	32	25	19	17	16	11	10	10	10	10	10	10	10	12	10	9	11	12	11	9	9	40	120	145	142	142	135	143	140	145	139	126	110	104	112	123	128	137	141	142	137	138	142	142	140	141	144	122	69	68	77	39	31	80	112	130	131	136	138	136	139	140	139	138	138	138	139	140	140	135	135	135	134	133	133	133	133	134	138	141	141	140	140	140	139
126	128	130	134	136	136	133	131	110	63	31	26	25	26	33	33	38	39	38	35	34	34	35	34	36	37	38	40	40	40	40	41	40	39	38	38	38	40	41	41	37	36	33	28	20	15	14	14	11	10	10	10	10	10	10	10	11	10	10	10	11	10	9	7	26	93	143	146	142	143	142	144	144	143	139	128	118	113	115	118	127	136	141	137	135	140	142	140	144	144	137	92	66	76	56	16	68	105	128	130	135	139	137	138	142	141	138	137	137	138	139	140	139	139	138	136	135	134	134	133	130	133	137	139	140	139	138	138
121	121	124	129	135	137	137	134	98	50	26	35	39	40	40	35	41	43	42	39	39	42	43	40	41	42	42	43	45	45	45	45	42	41	40	40	40	39	41	43	38	31	24	19	17	17	15	12	11	10	10	10	10	10	10	10	9	11	11	10	9	9	9	10	18	63	136	144	138	152	141	147	143	142	143	141	129	112	103	101	110	127	140	141	139	143	145	143	145	146	141	116	72	67	68	25	51	94	123	130	137	140	137	136	141	140	138	137	137	137	138	138	139	139	138	138	137	136	136	136	133	133	134	136	138	138	137	137
118	116	118	126	136	140	140	139	92	47	28	37	36	32	40	42	37	40	40	39	42	46	45	41	40	41	41	42	42	43	44	45	45	44	44	44	42	41	43	46	39	28	16	14	18	20	17	12	11	10	10	10	10	10	10	10	8	11	12	10	8	9	10	11	14	41	129	138	133	154	137	147	145	141	143	147	135	110	91	84	95	119	139	143	142	146	148	146	143	144	140	130	81	59	76	42	38	84	119	129	138	142	136	135	136	135	137	138	138	139	138	138	138	138	138	138	137	137	138	138	140	136	134	135	136	136	135	136
115	111	103	107	129	143	138	131	75	60	63	58	55	56	42	39	40	40	39	36	38	41	43	42	37	38	42	46	43	37	39	44	44	39	49	47	43	37	31	44	20	17	13	11	12	13	15	18	8	10	11	11	9	9	10	12	13	13	13	12	12	11	11	10	12	4	120	142	140	140	146	145	147	146	144	144	145	136	113	90	78	86	109	133	143	144	146	145	142	141	138	146	105	62	75	74	37	63	114	126	131	141	129	135	135	136	138	139	139	139	139	138	138	137	137	137	139	140	139	138	138	140	139	136	135	135	134	132
124	120	109	104	112	121	131	140	116	102	94	95	90	82	86	89	70	71	70	65	60	56	50	44	46	43	43	46	45	37	35	36	44	37	39	35	40	45	30	26	17	13	11	10	11	11	13	15	11	11	11	11	11	12	13	14	13	13	13	12	11	11	10	10	11	7	99	142	140	139	143	145	142	142	142	143	146	142	126	110	88	88	100	121	134	141	143	140	141	140	143	147	114	73	72	79	40	53	101	123	130	138	131	136	135	136	138	139	140	139	139	138	138	137	137	137	139	140	139	138	139	140	140	137	136	137	136	134
129	128	121	110	103	102	120	145	129	124	119	127	122	108	110	114	128	133	138	140	139	137	131	125	127	119	113	112	111	104	99	99	93	89	84	71	73	70	36	17	15	11	10	10	9	9	10	13	13	13	12	13	15	17	18	18	14	13	12	11	11	10	10	10	10	11	69	142	141	139	139	144	141	140	140	142	145	146	140	133	107	95	93	104	118	133	140	138	142	138	148	146	126	91	67	80	49	41	81	117	128	136	135	136	134	135	138	140	140	139	139	138	138	137	136	137	139	139	139	138	139	141	140	138	137	139	139	137
128	131	131	126	114	104	116	139	129	117	120	110	114	122	108	114	117	125	135	142	148	153	156	155	155	144	134	131	127	120	117	118	110	108	111	105	104	86	45	29	16	12	9	10	8	5	7	12	14	15	17	20	23	24	22	19	14	13	12	10	10	9	9	9	8	15	38	134	144	141	137	142	143	142	141	139	140	143	144	144	129	110	96	94	102	120	134	138	145	136	147	142	138	111	66	75	60	37	64	109	125	132	137	135	133	135	138	140	140	139	138	136	138	137	136	137	138	139	139	138	139	140	140	137	138	140	141	139
130	131	133	135	132	121	121	136	142	115	116	76	90	134	110	126	134	139	144	147	153	160	166	169	161	152	142	136	127	122	122	126	120	103	100	106	113	86	39	32	21	15	10	9	6	3	7	15	20	23	28	32	33	30	24	19	14	13	11	10	8	8	8	9	6	15	19	117	145	144	136	140	143	142	140	137	135	136	141	146	144	128	110	96	92	107	127	137	144	135	143	138	145	127	73	65	70	43	54	99	121	128	138	133	133	135	138	139	140	139	138	137	137	136	136	137	138	139	138	137	138	140	139	137	137	140	141	140
135	133	131	134	137	132	130	136	146	122	122	82	98	141	119	135	140	144	148	148	151	158	166	169	173	166	157	150	141	131	129	132	137	99	78	90	113	89	37	30	26	17	11	9	5	3	11	24	34	38	43	44	40	32	24	19	16	13	11	9	7	7	8	8	5	12	9	84	139	143	137	139	139	138	137	136	132	131	136	142	146	138	126	107	92	99	118	129	136	135	138	137	146	136	91	61	74	56	49	85	116	126	138	132	134	135	137	138	138	138	139	137	137	136	136	136	138	139	138	137	140	140	139	137	137	140	141	140
134	136	132	130	134	134	133	135	144	144	135	122	130	139	138	152	175	182	188	191	193	198	203	205	195	188	180	175	166	152	140	134	123	88	65	78	112	99	49	37	27	18	10	8	5	6	18	35	55	59	61	55	43	31	23	20	16	14	11	8	7	6	7	8	7	8	7	49	130	142	140	141	138	137	137	136	131	126	126	132	137	139	136	120	100	98	109	116	124	136	136	139	142	139	113	62	70	68	48	71	110	125	138	133	136	135	136	136	137	137	139	139	137	136	135	136	138	138	138	137	142	143	141	138	138	140	142	141
128	137	137	131	132	131	129	129	159	174	144	153	153	131	163	182	194	202	211	213	212	211	209	208	212	201	194	192	184	166	146	132	132	110	92	94	120	105	50	33	28	17	9	7	6	9	24	43	71	74	72	61	43	29	22	20	16	14	10	8	6	6	7	7	9	6	6	23	122	140	141	143	141	139	138	138	131	122	119	123	127	135	141	128	107	100	103	104	114	136	136	142	139	138	129	67	66	75	47	62	106	125	138	133	136	136	136	135	136	137	139	139	137	136	135	136	138	138	138	137	144	145	143	139	139	141	143	142
135	137	138	136	134	134	136	137	140	188	204	185	184	190	197	210	216	219	219	217	218	219	217	214	213	211	205	199	198	192	173	152	138	124	120	125	112	103	89	38	30	22	15	3	3	7	24	73	94	92	80	61	47	41	39	36	29	30	26	21	13	3	3	12	12	0	18	2	92	142	132	142	138	139	139	139	142	145	140	134	126	127	125	122	112	95	87	93	93	116	138	138	135	144	134	101	68	73	58	53	86	119	130	132	137	141	139	135	137	137	137	140	137	137	136	136	137	138	139	140	138	142	143	139	136	138	139	137
136	137	138	137	135	134	136	137	137	180	207	203	198	201	206	213	219	220	220	218	218	219	218	215	214	213	208	202	200	195	180	162	138	125	118	122	111	111	102	54	32	23	16	4	3	7	20	59	81	82	75	60	50	46	43	38	27	27	24	20	16	11	7	8	9	2	13	4	73	138	135	140	138	139	139	139	142	145	141	135	134	133	131	129	121	101	84	78	86	97	119	135	140	145	138	118	65	68	64	59	76	110	132	133	135	140	138	136	138	138	137	136	135	136	137	139	139	139	138	138	139	143	143	139	136	138	139	138
134	137	139	139	138	137	137	138	132	166	205	221	214	210	213	213	219	220	219	216	215	217	217	216	215	216	212	206	204	200	190	176	167	156	145	143	137	142	140	97	33	24	19	7	4	8	14	40	59	65	64	55	52	52	48	40	26	27	25	20	19	19	12	4	7	5	9	9	45	129	140	137	137	138	139	140	143	145	142	138	143	139	138	140	135	117	93	76	74	72	88	114	129	135	139	140	74	64	69	69	62	90	126	130	133	138	137	136	140	140	137	136	133	135	138	140	141	140	138	137	141	143	142	139	137	138	139	139
133	136	137	140	140	140	138	137	129	148	196	229	221	213	217	214	215	217	217	214	213	216	218	218	217	218	217	212	207	205	199	192	174	166	152	146	139	146	146	108	38	23	20	10	6	11	11	25	36	44	48	47	51	57	53	42	30	33	31	23	17	20	16	5	6	9	6	14	19	113	144	136	138	138	139	140	143	145	143	141	147	142	143	146	145	135	115	96	94	85	86	99	110	117	128	140	96	62	67	76	54	67	108	121	132	137	135	134	139	140	138	138	134	135	137	139	140	140	139	139	142	142	141	139	137	138	139	140
130	133	136	139	141	141	139	137	131	139	186	227	223	216	222	219	215	218	219	216	215	216	217	217	218	220	218	214	210	208	205	202	198	192	177	170	162	165	168	139	48	22	19	14	10	14	13	16	20	28	33	35	47	60	58	46	40	43	43	29	15	16	18	9	7	13	6	17	5	90	146	137	139	139	139	141	143	143	143	143	145	141	143	145	143	142	133	116	126	123	114	106	104	107	113	119	118	62	58	77	56	52	87	112	127	133	133	132	136	138	139	142	136	135	135	135	136	138	140	141	143	141	139	139	139	138	138	139
128	131	133	138	140	141	139	138	136	138	175	214	215	208	214	215	209	215	219	218	216	216	216	214	216	216	215	213	209	206	205	204	198	193	180	174	164	163	170	155	64	25	19	19	13	18	16	14	13	18	20	23	40	60	63	52	50	51	53	39	16	13	18	13	7	13	7	15	2	63	141	140	140	139	139	142	142	141	141	143	144	140	142	140	135	140	136	118	112	120	118	109	111	114	111	109	123	69	51	70	64	49	67	98	115	125	130	130	133	134	136	140	136	135	133	133	134	137	140	142	142	139	138	140	140	138	137	137
128	128	130	134	138	140	140	138	141	140	163	190	192	183	182	185	188	197	207	211	214	215	215	215	213	211	210	208	206	203	200	199	194	187	172	168	155	148	161	160	82	29	18	22	16	19	17	16	14	16	12	13	32	59	67	58	59	55	59	49	23	14	19	15	8	9	8	12	7	36	134	141	141	139	139	142	142	140	140	143	144	139	143	140	134	139	132	107	86	95	98	104	119	123	115	112	116	86	57	61	70	53	49	76	99	115	127	131	132	130	131	135	133	133	133	133	135	137	139	140	141	137	137	140	141	138	135	135
127	128	129	132	138	140	139	138	143	142	152	170	170	154	146	149	164	176	191	201	208	213	215	215	209	206	204	204	203	200	196	195	189	180	163	158	143	132	149	156	93	32	18	24	16	17	17	17	18	17	10	8	29	60	70	63	63	55	61	56	30	17	19	16	8	7	7	9	11	18	129	140	140	138	138	142	142	139	139	142	144	140	144	143	139	143	131	99	94	93	91	104	125	125	113	112	109	101	66	55	73	56	37	57	86	107	125	132	132	128	126	129	130	131	133	135	136	137	138	138	140	136	136	141	142	138	134	134
123	129	132	130	130	135	138	138	141	135	149	155	136	124	127	127	131	141	157	173	185	194	198	199	199	199	199	199	199	197	191	186	172	175	157	134	128	130	120	107	100	42	18	26	21	15	18	14	12	13	15	11	16	45	67	65	64	56	61	52	35	20	13	30	12	6	6	9	5	14	76	153	138	138	149	135	141	149	130	143	142	146	144	138	139	139	121	98	97	88	100	120	129	133	134	129	127	131	103	60	76	75	27	28	49	70	67	87	108	116	137	134	130	128	128	131	131	130	134	141	142	141	140	140	141	141	140	139
129	135	137	132	131	136	137	137	143	134	143	154	143	129	112	92	122	127	138	151	162	170	174	177	185	184	185	187	191	190	185	180	179	165	140	131	137	127	110	109	100	45	20	24	15	7	11	12	11	11	14	12	15	38	63	70	61	59	63	56	45	29	13	28	16	9	7	10	6	9	56	119	143	136	140	138	138	141	136	140	137	141	143	142	141	135	117	98	95	91	104	123	129	132	135	132	135	131	118	75	68	79	45	16	38	68	70	80	90	93	113	120	126	124	125	126	124	121	123	127	134	135	136	138	139	138	136	134
127	133	136	131	130	134	137	135	141	135	141	149	143	129	107	77	116	117	124	136	150	160	167	169	173	171	171	175	180	179	173	166	163	157	140	134	125	90	79	113	112	63	31	26	18	16	22	19	12	9	12	14	13	28	56	75	59	62	63	57	57	39	13	25	21	12	8	12	9	6	30	71	145	145	139	144	144	139	146	144	143	144	146	145	138	123	104	92	94	96	111	127	130	131	135	137	143	132	136	97	62	81	68	12	14	56	71	82	93	88	91	93	95	102	114	126	131	129	126	125	124	125	128	131	134	136	137	138
115	125	129	127	127	130	133	133	136	138	144	141	132	125	117	101	118	119	125	139	155	168	176	177	174	171	169	171	175	172	166	157	151	151	137	131	118	74	60	101	107	68	30	14	14	32	35	16	12	7	10	15	12	18	46	77	61	64	62	56	64	48	15	19	24	15	8	10	11	6	13	33	116	146	136	138	142	135	144	140	143	139	138	138	129	113	102	100	94	102	118	129	130	129	134	139	144	134	143	114	67	78	80	31	7	43	62	79	101	102	91	89	82	88	99	110	117	121	122	123	119	119	118	117	117	118	120	122
105	117	125	124	124	128	130	129	135	140	144	139	130	129	129	126	120	122	128	139	152	162	166	166	169	166	163	164	166	163	156	150	150	138	116	116	129	105	77	84	114	88	48	22	35	73	72	34	13	8	8	14	11	10	36	72	64	65	62	55	65	53	19	16	25	17	8	7	11	8	7	15	82	149	146	137	151	144	147	146	152	142	132	124	110	93	88	92	99	110	122	129	130	128	131	138	139	137	141	125	84	73	79	62	22	37	52	67	91	105	105	113	108	103	95	89	88	93	99	103	125	126	127	125	121	117	114	113
94	107	119	122	122	124	126	125	135	136	138	138	138	134	128	125	120	120	122	127	132	134	133	131	138	136	135	136	137	136	133	130	119	115	105	105	117	110	95	90	100	88	58	36	54	92	84	44	14	10	8	13	12	6	25	59	64	61	62	59	64	59	29	15	24	20	10	6	10	11	8	9	47	123	142	133	144	143	138	141	140	130	119	109	98	89	90	97	109	119	126	129	131	129	129	135	135	141	135	131	104	72	75	83	31	28	54	73	85	100	106	120	120	117	111	103	99	97	94	90	105	112	121	127	128	127	126	126
73	90	106	114	117	121	123	123	131	130	132	137	136	127	117	117	116	115	115	116	113	113	111	109	111	111	111	110	110	111	111	111	96	99	105	103	94	91	97	100	100	99	88	79	90	105	96	69	18	12	8	11	12	6	18	46	62	52	63	65	65	67	41	17	21	23	16	8	9	12	10	8	15	66	114	118	115	119	111	115	103	102	102	103	106	112	120	126	120	129	129	129	134	132	129	132	136	146	134	136	118	78	75	83	43	19	52	83	90	102	103	107	111	116	120	122	122	119	111	101	85	89	94	99	103	110	118	125
51	71	93	105	112	119	123	124	122	126	129	133	128	112	108	117	116	115	115	113	110	109	110	111	108	109	109	107	105	105	108	110	113	98	97	100	93	96	100	93	93	97	103	106	106	100	89	80	18	13	8	10	13	7	14	38	58	47	65	71	67	72	49	17	20	26	20	10	8	11	9	7	16	37	106	123	108	113	108	110	110	112	113	111	112	116	118	117	129	135	131	129	136	135	129	131	137	149	136	140	124	85	78	74	67	16	41	76	87	107	109	105	113	115	114	112	114	120	120	115	114	108	98	89	86	93	107	119
42	67	67	82	88	85	104	102	117	128	134	131	119	101	89	89	93	100	108	107	103	108	111	107	104	105	108	107	105	105	106	108	104	101	101	98	91	93	96	93	97	97	96	96	95	95	95	95	42	7	7	14	12	15	15	20	54	59	59	76	73	64	64	30	12	24	23	12	7	8	8	9	11	22	68	132	130	118	144	136	135	132	129	127	126	126	126	126	129	129	131	133	134	135	134	133	136	139	133	139	145	114	80	79	77	42	24	69	97	104	125	116	110	109	110	113	114	115	120	127	117	119	120	118	113	106	98	93
24	61	75	86	97	96	97	96	108	116	122	127	126	113	99	94	83	83	88	89	87	92	97	95	104	103	101	101	101	101	102	102	103	102	104	102	99	101	103	102	100	101	100	99	98	98	97	96	51	13	8	13	13	17	15	18	47	60	59	69	68	64	65	41	18	19	21	16	7	7	10	9	12	20	59	127	143	131	138	126	132	132	131	131	131	130	128	127	133	134	136	138	138	136	133	131	133	140	135	136	141	126	94	73	79	56	28	53	87	103	124	120	120	118	116	117	115	112	112	115	123	121	119	116	114	113	112	112
13	44	75	84	101	109	97	103	100	100	101	110	120	118	107	101	97	83	76	74	68	64	63	62	68	67	70	74	83	90	97	100	93	94	94	93	92	92	94	95	94	95	95	95	93	91	89	88	57	20	12	14	15	19	15	16	36	60	60	60	64	64	65	54	26	14	19	22	8	6	13	10	10	12	32	88	124	126	136	141	142	139	134	131	130	131	135	137	133	135	138	140	139	137	134	132	133	138	138	134	137	140	112	71	79	75	36	32	69	99	119	125	127	125	123	123	120	114	109	107	108	112	117	121	123	123	121	119
26	22	59	79	95	114	111	122	111	105	97	102	114	119	115	115	98	76	63	65	62	58	58	60	54	54	55	57	60	66	73	78	90	89	84	79	76	72	71	76	76	77	77	77	76	73	69	67	47	19	16	15	16	19	14	16	26	59	64	57	62	65	63	63	36	11	17	27	9	5	14	10	7	10	14	50	92	103	114	136	135	136	137	137	136	136	137	138	132	134	136	137	137	136	135	135	132	132	139	139	135	143	125	81	76	85	46	19	52	92	112	125	127	128	128	129	128	123	117	113	100	103	108	113	117	119	119	119
54	10	42	78	89	112	121	129	130	125	117	116	123	124	123	126	107	79	63	64	63	60	61	63	57	60	62	61	60	62	70	76	68	65	55	45	40	30	25	30	27	27	28	28	26	23	20	17	28	14	19	17	16	18	13	19	21	53	68	61	65	67	60	64	43	13	16	28	12	5	13	10	10	15	18	42	87	97	85	98	105	115	129	139	142	140	135	132	137	138	138	137	135	134	136	137	135	127	139	146	137	139	130	101	74	85	57	21	38	78	101	121	125	129	132	135	135	133	128	124	119	112	104	98	98	105	115	122
73	18	34	76	88	104	119	120	129	130	129	129	129	124	120	122	119	90	71	68	66	62	61	61	60	63	66	66	65	66	71	76	71	69	59	50	44	29	19	25	23	24	25	24	23	20	18	16	14	11	20	17	16	17	11	19	18	40	67	65	66	68	57	62	48	20	16	25	15	7	10	9	12	11	12	31	89	118	98	96	96	102	109	116	122	127	134	139	141	142	142	140	136	135	136	138	136	127	137	147	138	135	134	119	80	77	69	38	27	60	90	112	124	131	136	137	136	136	133	131	132	126	118	110	106	106	108	111
74	43	31	63	87	97	114	113	117	122	124	127	129	122	116	119	110	88	71	69	72	76	79	78	78	75	70	66	63	58	52	46	54	58	53	50	50	32	17	23	26	26	27	26	25	24	22	21	16	15	21	16	17	19	10	17	17	25	61	67	64	69	58	60	50	30	17	20	18	9	6	7	11	7	6	14	77	133	126	122	114	111	105	100	100	107	120	129	131	135	139	140	137	135	136	137	137	132	136	139	137	138	138	130	94	69	83	60	19	40	80	104	119	129	135	134	132	133	135	135	131	133	136	135	130	120	110	104
68	64	28	46	83	93	112	114	114	117	119	123	128	125	122	127	120	100	82	75	75	77	78	74	75	68	63	62	65	62	52	43	37	47	48	52	56	37	19	25	24	24	24	24	23	22	22	21	23	18	20	13	16	20	10	14	17	14	53	65	61	67	58	60	51	34	18	18	20	11	4	7	8	10	16	13	65	127	127	125	124	124	120	112	103	97	97	98	116	123	132	137	137	136	136	137	136	138	135	132	135	143	141	134	106	64	90	75	15	28	74	100	114	124	131	131	128	131	136	138	134	137	140	141	137	129	121	115
70	74	32	34	69	83	105	113	117	113	125	131	122	124	129	120	108	111	101	82	74	78	79	76	81	67	58	54	49	47	49	47	41	27	48	55	52	44	18	19	22	22	23	23	23	22	21	20	19	19	19	18	18	17	17	17	13	16	27	47	60	59	46	34	52	40	18	24	27	11	8	6	3	10	7	14	43	107	127	140	131	130	128	126	122	117	113	109	105	101	101	111	126	138	143	143	143	139	135	136	140	140	135	129	132	76	68	98	47	5	52	77	103	117	125	127	132	134	133	135	136	136	137	137	136	135	134	134
66	82	45	25	56	83	100	112	118	116	128	131	120	124	129	120	109	114	109	95	85	78	72	68	66	58	53	52	50	53	56	54	48	34	50	55	52	44	19	18	20	21	21	21	21	20	19	18	18	18	17	17	17	16	16	16	13	13	20	33	44	45	38	33	40	37	22	27	27	14	13	11	6	10	10	12	33	90	116	121	133	133	132	129	125	122	121	121	119	113	108	106	110	117	123	126	142	139	136	136	139	141	140	139	134	95	74	89	65	16	29	70	97	112	122	125	130	134	134	135	135	135	135	135	135	135	134	133
66	84	62	21	39	79	93	109	119	120	131	132	119	123	129	120	112	117	119	113	101	79	64	63	54	53	52	51	52	61	64	57	56	42	50	53	52	43	19	14	18	18	19	19	19	18	17	17	17	17	17	16	16	16	16	15	14	11	11	17	24	27	29	30	33	41	32	31	28	17	17	13	9	8	14	11	19	68	107	101	123	127	132	134	132	130	130	130	130	126	119	111	106	105	107	109	127	133	141	145	144	139	134	131	137	120	84	71	78	35	6	59	87	105	119	123	130	133	133	135	134	134	134	135	135	134	134	133
75	73	74	35	27	67	86	104	118	123	136	132	117	122	130	119	115	121	126	127	115	82	59	62	54	54	53	51	56	68	69	56	59	50	48	51	55	44	21	10	15	16	17	17	17	16	15	15	16	16	16	15	15	15	15	15	14	11	8	8	10	14	20	26	42	54	44	38	32	22	21	12	11	4	17	11	13	52	108	96	105	111	120	130	136	137	134	132	131	131	129	125	120	115	110	108	107	117	129	136	135	134	135	137	141	139	99	56	77	58	7	44	75	97	114	122	128	130	132	134	134	135	134	135	136	135	135	134
92	59	76	58	25	49	78	95	113	122	138	132	115	120	129	118	118	124	129	133	124	86	60	64	58	56	54	53	59	73	73	59	62	58	47	51	60	49	27	10	13	14	14	15	15	15	14	13	14	14	14	15	15	15	15	15	14	12	9	8	7	8	14	21	54	66	53	43	36	25	21	9	11	3	18	13	15	40	115	108	97	97	102	112	124	132	133	132	134	132	131	131	132	130	125	120	108	109	109	108	110	121	137	150	139	146	119	66	76	78	27	21	61	86	109	119	127	129	129	132	134	135	136	137	138	137	136	135
111	59	70	75	33	31	66	84	105	122	139	132	113	121	130	118	118	126	129	133	128	90	60	64	58	54	53	51	56	69	74	67	68	67	44	47	60	51	33	12	11	12	13	14	14	14	13	12	13	13	13	14	14	14	14	15	14	12	11	11	8	7	10	15	51	63	53	48	41	26	21	11	13	4	18	12	20	30	119	124	109	102	95	96	106	118	126	129	137	133	128	128	131	134	134	133	127	124	117	110	105	107	114	119	123	134	125	87	78	87	51	6	43	72	100	114	122	125	127	131	134	134	136	137	137	137	136	136
125	78	65	77	44	19	51	75	98	118	140	132	113	121	131	118	119	129	130	132	130	94	60	59	57	53	52	50	48	55	69	75	72	71	38	37	53	45	32	10	11	11	12	13	13	13	12	12	12	12	13	13	13	14	14	14	14	12	12	12	10	7	8	11	27	45	46	48	43	27	25	20	19	8	17	9	23	16	115	133	127	120	109	100	97	103	112	119	133	132	130	129	130	132	135	137	138	136	134	130	122	111	98	90	98	105	106	93	74	80	71	15	23	57	89	107	119	122	126	132	132	133	134	135	136	136	136	136
132	98	61	73	53	14	40	68	93	115	139	132	113	122	131	118	119	131	130	131	130	96	58	54	56	53	54	50	39	42	61	78	73	71	29	25	43	37	28	6	9	10	11	12	13	13	12	12	12	12	12	13	13	14	14	14	14	12	11	11	10	7	6	8	5	27	37	48	44	25	26	28	24	10	15	7	23	6	108	135	138	136	127	113	100	95	99	106	125	129	134	135	133	132	134	136	134	132	130	133	132	127	115	105	78	79	78	85	65	68	82	32	10	45	81	102	115	121	126	132	130	131	132	134	134	135	134	134
138	120	81	60	70	44	21	60	71	100	124	131	114	117	136	117	122	129	133	144	119	105	73	55	54	56	54	44	47	48	46	73	72	68	35	7	11	12	6	11	4	8	10	10	10	12	13	13	12	12	12	12	12	12	12	12	11	10	10	9	9	8	8	7	9	19	11	84	106	101	76	62	44	26	11	22	20	12	99	139	131	132	132	131	126	113	97	85	102	114	126	132	133	134	137	139	138	134	133	136	137	135	133	131	115	105	71	54	35	50	84	64	20	22	64	90	109	125	120	132	133	131	132	136	138	136	134	132
134	120	98	59	71	59	12	47	68	95	127	136	126	129	129	109	120	130	134	142	118	109	79	59	55	55	56	47	50	48	43	66	67	68	36	6	7	10	5	7	4	9	11	11	11	13	13	12	12	12	12	12	12	12	12	12	11	10	10	9	9	8	8	7	11	11	17	58	110	109	95	77	51	31	14	19	17	10	96	139	134	135	136	136	133	124	111	102	89	99	113	123	130	135	137	137	139	137	135	137	139	138	138	137	131	120	97	69	33	27	61	78	38	13	49	89	108	122	121	128	133	131	132	136	139	137	135	134
143	134	125	67	71	76	14	29	61	75	85	95	96	89	101	120	118	132	135	139	117	115	88	67	56	54	57	51	52	46	36	53	56	62	36	6	5	8	5	5	6	10	14	14	13	14	13	11	12	12	12	12	12	12	12	12	11	10	10	9	9	8	8	8	14	6	20	25	104	120	111	89	64	42	22	18	15	7	87	138	134	136	137	139	139	135	127	121	96	92	93	104	121	134	139	138	139	138	137	137	138	140	141	140	148	139	138	113	68	29	24	54	61	13	34	85	108	120	122	124	132	131	133	138	139	138	137	137
130	127	125	74	63	80	41	18	47	100	96	122	122	53	62	109	116	134	136	138	117	120	99	77	58	52	55	52	51	41	27	40	43	54	35	7	5	10	8	4	7	12	16	16	15	15	13	11	12	12	12	12	12	12	12	12	11	10	10	9	9	8	8	8	15	8	15	8	80	126	111	94	78	54	32	18	15	6	78	135	132	133	135	137	139	138	134	131	125	106	88	87	102	121	133	136	136	137	136	136	136	138	140	140	136	129	145	139	120	83	38	50	73	33	30	71	109	121	120	124	132	131	134	138	139	138	138	139
134	135	130	104	71	79	73	9	40	166	145	159	140	22	34	85	115	135	138	139	117	124	108	93	65	52	54	52	48	38	23	31	33	44	33	10	7	14	13	8	11	15	17	17	15	15	13	10	12	12	12	12	12	12	12	12	11	10	10	9	9	8	8	8	13	16	8	9	51	125	109	102	84	62	40	21	19	8	71	136	132	133	133	135	136	137	136	136	143	128	108	92	86	93	112	129	131	136	138	137	136	138	140	139	140	131	140	133	137	124	70	55	71	60	35	56	110	125	119	127	132	132	134	138	139	138	139	140
120	122	118	112	75	77	92	21	22	183	156	133	96	3	30	83	115	134	139	142	117	122	113	107	79	57	54	51	46	37	25	32	30	37	31	17	15	19	17	13	13	17	18	17	15	14	12	10	12	12	12	12	12	12	12	12	11	10	10	9	9	8	8	8	10	19	7	16	29	107	115	114	86	65	48	24	25	13	65	135	134	135	134	135	135	136	137	138	138	140	136	116	89	76	90	111	122	131	138	138	138	139	141	138	142	143	144	134	135	132	88	47	61	74	38	45	109	126	120	130	131	132	134	137	137	136	137	139
87	80	79	76	56	70	90	59	12	149	161	133	82	5	31	85	117	135	142	146	118	121	116	120	95	66	57	51	45	39	30	40	32	34	30	25	24	23	21	18	15	18	18	16	14	13	12	10	12	12	12	12	12	12	12	12	11	10	10	9	9	8	8	8	10	15	13	14	16	71	124	120	93	75	59	29	29	12	54	126	134	135	134	134	134	135	137	138	134	140	145	136	112	89	85	93	106	120	134	135	136	138	139	136	124	137	139	141	140	140	115	58	54	69	33	45	105	124	126	131	132	132	134	136	135	133	135	138
118	96	84	57	45	63	70	77	37	122	164	145	80	9	21	87	118	135	143	148	119	118	116	126	106	73	59	52	45	41	36	47	36	33	31	30	29	25	21	19	15	18	18	15	13	11	10	9	12	12	12	12	12	12	12	12	11	10	10	9	9	8	8	7	12	9	19	6	11	38	125	119	102	85	68	34	30	9	43	115	131	132	132	132	131	133	135	136	141	137	138	142	136	114	93	81	92	110	126	131	132	136	136	132	138	145	137	142	136	135	126	62	51	56	25	47	100	120	131	131	131	131	133	135	134	132	133	136
142	122	123	94	30	22	63	81	66	92	167	122	111	5	14	81	118	135	144	147	128	113	123	123	120	98	66	52	38	47	30	40	32	28	28	27	26	29	29	23	11	14	14	13	14	11	8	11	11	11	11	12	14	14	14	13	11	11	11	11	10	9	8	7	11	13	12	21	4	18	99	138	117	88	74	53	34	15	19	80	134	130	133	130	126	130	135	137	137	140	141	140	140	136	121	104	81	71	89	122	133	131	134	136	136	135	140	140	137	140	130	104	48	56	43	32	54	95	121	122	125	129	129	132	136	132	127	129
130	133	138	116	61	23	30	51	71	88	173	116	120	24	26	72	116	136	146	147	128	112	122	123	124	108	81	62	40	50	34	43	32	29	30	30	28	30	30	24	27	25	17	12	11	9	7	11	11	10	10	11	13	14	13	12	10	10	11	11	10	9	8	7	10	14	10	17	11	12	74	145	121	98	84	58	35	19	15	50	126	133	129	131	132	127	133	135	137	139	139	136	138	139	129	116	99	86	92	112	121	124	129	131	135	131	135	137	136	139	132	114	65	45	50	35	43	87	105	120	125	128	130	131	135	133	129	131
142	146	138	138	135	95	52	45	71	74	139	86	110	53	66	98	115	137	148	149	129	115	124	122	127	121	103	75	41	54	43	48	55	54	55	55	53	55	55	49	46	41	26	11	8	7	7	11	12	12	10	11	12	13	13	12	11	11	11	11	10	9	8	7	9	13	11	11	18	8	42	138	126	108	95	66	41	28	15	18	108	137	129	132	137	125	133	133	137	138	136	135	138	142	138	132	126	110	102	105	110	120	131	136	135	129	130	134	134	136	134	126	90	40	58	45	34	73	91	117	125	129	130	131	135	133	130	132
127	143	143	144	152	126	83	63	81	86	97	87	110	82	99	118	115	137	150	153	132	115	124	122	125	128	119	87	40	56	52	54	61	60	62	62	59	61	63	57	59	54	35	14	8	9	9	10	12	12	10	10	12	12	13	12	11	11	11	11	10	9	8	7	10	11	16	9	17	9	21	107	129	113	98	75	52	36	20	8	79	139	135	132	136	127	136	131	136	136	135	133	137	142	142	139	138	128	112	99	97	110	128	138	139	132	130	134	134	133	133	134	110	52	59	60	36	53	86	113	124	130	130	131	134	134	132	134
132	143	143	138	141	138	99	53	58	85	58	118	145	132	135	142	118	136	150	157	138	119	124	123	121	128	128	93	38	55	59	59	57	56	59	58	55	58	61	57	61	62	44	20	12	12	11	10	13	12	11	11	12	13	12	11	11	11	11	11	10	9	8	7	12	9	21	12	12	14	16	60	129	118	102	86	64	41	25	13	48	129	143	130	131	132	138	130	133	134	135	136	137	140	140	140	138	133	117	96	85	91	108	123	139	136	134	135	135	132	131	136	121	75	53	69	43	32	83	104	121	129	131	131	134	135	133	134
146	140	140	138	144	156	123	58	60	92	45	113	154	142	129	133	124	134	147	163	147	120	123	125	120	126	130	97	36	54	62	61	62	61	63	61	58	62	67	65	57	64	51	25	13	14	12	10	13	12	11	11	12	12	11	10	11	11	11	11	10	9	8	8	11	10	19	13	9	14	16	24	115	127	112	96	76	45	29	20	26	101	141	128	127	137	134	129	131	133	136	136	137	137	136	138	141	142	130	110	95	88	93	107	128	134	135	134	136	131	129	133	122	97	52	67	52	22	69	93	118	129	132	130	134	135	133	134
126	134	148	145	135	138	128	98	55	69	41	58	144	142	129	141	129	132	143	168	155	123	122	126	125	125	130	101	36	53	64	62	58	56	57	55	51	56	63	63	55	66	55	27	12	12	12	10	13	12	11	11	12	12	11	10	11	11	11	11	11	10	9	8	9	15	11	14	13	8	15	11	88	134	124	103	86	53	34	23	18	64	128	128	127	140	123	130	131	133	135	137	135	134	136	139	143	147	141	131	118	99	89	96	109	125	131	130	134	133	128	130	126	114	65	61	59	28	49	87	114	127	132	131	134	136	133	132
146	141	141	144	147	144	131	114	58	57	61	23	144	142	123	138	134	130	141	171	160	122	121	127	130	125	131	104	37	53	64	62	58	57	57	54	50	56	63	64	54	67	57	27	10	10	12	11	13	12	11	11	12	12	10	9	11	11	11	11	11	10	9	8	6	20	3	11	18	4	12	11	61	136	133	105	92	62	40	25	17	38	115	128	129	141	114	131	132	133	135	135	134	133	137	142	136	140	140	138	131	105	85	86	93	116	126	126	132	134	128	129	133	123	80	57	65	40	33	87	112	127	133	131	134	136	133	131
131	136	140	141	143	144	139	130	77	49	67	37	98	150	141	127	139	124	142	181	179	143	122	125	128	130	137	114	51	35	64	55	55	49	45	48	56	61	60	57	60	63	61	29	10	14	8	8	11	10	10	11	13	13	13	12	10	11	14	12	10	9	10	11	13	10	9	11	11	11	12	15	25	120	136	116	98	70	53	28	19	15	83	132	127	128	128	125	127	126	131	136	133	132	135	136	139	140	142	143	142	133	113	96	98	94	107	126	130	131	134	132	134	123	108	59	66	69	26	63	98	120	134	130	129	137	141	136
135	137	137	138	141	144	139	131	93	56	64	50	84	159	136	126	145	126	137	175	185	150	124	125	127	128	137	121	57	33	61	61	60	56	52	54	59	63	63	61	62	65	65	34	13	16	13	17	16	14	13	13	13	13	11	10	12	12	12	11	9	8	10	10	13	11	10	11	12	10	12	14	17	91	145	121	96	87	54	35	19	15	66	122	131	125	127	125	127	126	131	136	134	132	135	135	138	139	140	142	143	137	122	107	100	92	102	119	126	132	136	135	133	130	116	70	65	69	37	44	91	112	126	129	134	137	136	138
138	137	136	137	140	143	140	134	115	68	60	64	68	154	136	125	147	132	132	162	186	163	128	122	127	126	136	128	67	30	52	60	59	57	55	55	56	58	59	59	51	56	59	31	10	12	9	15	16	14	13	13	13	13	12	11	14	14	13	11	9	8	10	11	14	12	12	14	13	10	11	13	10	51	144	132	101	105	58	45	20	16	41	104	135	125	125	126	126	125	131	136	134	133	134	133	137	138	138	141	144	142	133	122	108	97	97	109	120	129	135	135	132	137	126	90	64	64	51	24	75	104	119	127	139	137	131	141
133	135	137	138	140	141	140	138	129	87	61	68	62	123	147	127	139	139	133	146	175	169	137	118	131	126	133	134	81	35	45	53	52	52	52	51	50	51	53	54	45	48	52	32	17	17	10	13	12	11	10	11	13	14	14	14	14	14	13	11	11	11	13	14	14	12	11	13	12	10	10	11	11	20	119	145	117	111	69	51	26	17	19	82	132	126	124	129	125	125	130	136	135	134	134	132	137	138	137	138	143	144	140	134	122	107	97	101	112	122	128	129	132	138	132	114	69	54	62	24	57	99	119	124	138	137	130	140
120	127	137	142	141	138	139	141	134	108	68	64	67	78	156	133	128	144	138	132	156	170	146	117	132	125	128	135	99	55	53	54	53	54	55	54	53	53	54	56	54	52	57	46	38	37	23	21	15	13	12	12	13	15	15	15	11	12	12	13	14	14	14	14	13	11	11	13	12	10	10	12	18	10	79	148	136	107	83	53	34	21	10	58	119	130	125	132	126	124	129	136	135	134	135	132	137	138	137	137	140	143	142	138	131	117	101	97	105	115	122	127	133	134	132	132	81	48	67	41	42	95	121	121	131	138	134	136
104	114	129	139	140	137	138	142	134	128	78	61	71	51	143	142	126	142	142	129	140	163	155	124	128	125	121	128	110	80	74	69	67	67	67	65	63	64	63	64	61	54	58	54	51	50	33	32	26	24	21	19	18	18	18	17	14	15	17	20	22	21	18	15	15	13	11	12	12	11	13	15	23	14	45	134	146	104	93	57	42	22	13	33	95	133	125	132	129	125	129	135	135	135	136	133	137	138	138	137	138	141	141	140	134	126	108	98	102	110	118	127	133	131	130	139	97	54	64	61	37	80	113	119	126	136	137	132
95	101	115	129	137	137	137	140	134	142	91	67	67	56	110	150	136	135	140	136	136	155	160	137	122	125	114	114	107	92	90	83	80	78	76	73	71	69	67	65	61	52	57	53	51	50	38	40	40	37	33	30	28	28	27	27	26	29	33	37	38	34	27	21	18	15	13	13	14	15	17	20	23	23	32	109	141	110	97	64	49	23	22	14	69	135	124	132	132	126	129	134	134	136	137	135	135	138	139	138	139	140	141	141	138	136	119	102	100	103	111	124	130	131	130	135	113	72	62	71	40	59	94	119	127	135	139	131
91	92	102	121	134	138	137	138	135	147	98	75	60	71	80	156	145	129	136	143	138	149	161	147	118	125	109	100	96	91	93	85	84	80	77	74	71	68	65	62	66	57	60	55	53	51	44	51	46	43	40	38	37	37	37	37	39	43	48	53	53	47	37	30	20	17	14	15	15	17	20	24	21	28	33	89	133	120	98	70	52	22	29	4	52	136	123	132	134	127	128	133	134	136	138	136	134	138	140	139	139	141	142	142	143	144	128	107	99	97	104	119	127	132	131	129	123	87	60	74	46	43	77	120	130	133	138	131
109	98	96	108	122	132	137	143	139	138	126	86	72	64	57	104	156	137	124	146	143	134	145	120	111	104	95	93	91	87	83	81	83	83	78	75	75	72	66	66	64	64	63	61	57	53	49	47	45	47	46	42	42	45	46	45	49	47	48	51	50	44	36	32	31	26	26	29	33	37	35	26	16	37	84	121	129	123	106	85	61	42	24	13	35	95	134	132	135	131	127	126	130	134	136	137	138	139	139	140	140	142	143	143	138	143	138	122	108	101	96	91	93	109	130	129	134	110	63	73	73	30	44	91	105	118	131	120
109	98	93	103	116	124	129	133	136	136	135	104	71	59	62	78	144	148	131	136	146	138	137	122	103	96	90	89	89	88	85	84	82	82	77	73	77	74	69	71	68	67	66	63	60	56	54	52	46	48	48	44	45	49	50	48	51	48	47	47	44	38	34	31	29	32	35	38	42	47	42	32	34	56	94	123	131	129	115	93	63	45	21	23	24	67	136	135	136	132	128	127	130	134	135	136	138	138	139	140	140	141	142	143	140	142	140	128	115	107	105	102	90	92	106	112	128	119	75	66	71	34	35	73	96	109	122	127
117	104	96	100	110	117	122	126	130	135	142	128	77	56	68	55	110	147	133	120	133	129	118	113	97	92	88	89	89	88	86	86	83	84	77	72	76	75	73	76	69	67	65	61	59	58	57	56	48	50	51	49	49	52	53	52	50	46	42	41	40	36	35	35	35	42	45	45	49	50	46	45	79	97	121	132	134	134	121	99	81	60	29	35	11	29	119	131	137	134	130	128	130	133	135	136	138	138	139	139	140	141	142	142	142	142	141	134	120	107	103	105	118	109	115	116	124	120	81	54	81	58	40	54	82	95	106	125
133	118	105	102	107	114	122	126	126	133	137	141	94	55	68	54	87	142	150	125	124	124	115	113	100	96	92	91	90	88	86	86	86	84	77	72	74	74	72	75	67	65	62	59	57	56	56	57	52	53	54	52	52	53	52	51	45	42	40	40	41	40	41	43	47	50	46	49	49	38	40	60	100	117	130	129	130	135	127	109	84	60	34	32	11	21	99	149	137	136	132	130	130	132	134	136	137	138	138	139	139	140	141	142	145	143	142	136	118	97	89	92	109	108	120	120	115	115	94	62	63	64	38	30	61	85	99	122
146	132	117	106	105	111	119	125	127	137	130	143	115	62	61	65	54	105	139	119	97	99	99	95	102	98	94	95	93	90	87	88	87	86	78	72	74	72	69	73	69	67	64	60	58	58	59	60	56	56	56	55	54	51	49	48	45	44	44	45	45	43	44	46	48	50	47	53	56	32	30	63	85	105	117	117	122	133	133	124	109	78	56	30	18	21	55	138	137	136	133	131	131	132	134	136	137	137	138	138	139	139	141	141	145	143	142	134	113	89	78	80	91	97	110	112	100	99	91	58	61	79	52	19	33	60	72	85
149	141	127	112	104	105	112	119	126	136	129	139	130	79	56	72	55	78	123	119	94	98	102	95	95	93	93	93	93	91	91	91	87	86	81	75	77	73	69	71	72	70	67	64	62	61	62	63	59	58	58	59	56	50	47	45	49	49	49	50	47	44	44	47	45	52	49	58	69	42	23	49	78	101	115	117	123	130	132	132	110	84	68	31	30	33	38	129	136	136	134	133	131	132	135	137	136	136	137	138	138	139	140	141	142	142	139	127	106	87	80	82	101	108	111	117	112	109	103	71	55	76	63	29	24	50	72	79
146	146	138	122	107	102	105	110	116	126	132	134	136	104	63	69	57	48	82	96	91	97	89	85	87	85	86	87	88	87	87	90	86	87	83	80	81	77	71	71	73	71	69	66	63	63	62	62	59	57	58	61	58	52	48	47	53	52	51	51	47	44	46	49	56	72	59	56	77	61	27	25	67	94	113	120	126	128	130	138	129	109	84	48	36	23	23	89	135	135	136	134	133	134	137	139	136	136	137	137	139	140	140	140	140	142	135	115	95	86	86	89	103	117	115	128	133	131	135	117	77	80	80	54	20	30	60	66
142	147	146	131	112	102	102	106	103	114	136	132	136	124	74	65	70	39	57	82	100	106	87	88	82	81	82	84	83	81	82	84	84	87	84	83	85	81	74	73	71	70	68	64	62	61	60	59	59	57	59	62	60	53	49	49	52	51	50	49	47	46	50	56	73	93	67	49	77	76	33	9	35	66	94	111	124	127	133	149	130	118	87	61	37	15	27	66	134	135	135	135	133	134	137	140	137	136	136	137	139	139	140	140	140	142	130	105	85	82	88	92	108	128	123	130	129	117	128	123	78	63	74	61	13	12	49	62
145	147	151	148	130	114	117	132	109	99	97	107	122	128	99	51	70	66	39	63	96	102	114	107	98	93	88	84	82	81	79	77	77	82	81	83	89	79	67	65	65	62	65	65	63	68	69	57	64	53	58	60	51	56	49	21	38	45	51	55	67	86	99	102	101	95	80	64	72	92	63	3	30	51	60	64	77	89	111	143	140	127	99	77	47	26	30	28	101	139	132	136	148	140	145	139	140	139	138	138	137	137	141	147	142	127	106	88	78	81	95	109	120	125	126	125	128	128	129	135	109	61	61	76	39	11	32	56
145	144	146	145	131	113	109	117	123	113	107	109	118	123	102	64	63	70	47	50	85	101	111	123	118	109	96	86	81	79	78	78	69	74	74	81	90	80	69	72	64	63	63	63	63	66	68	67	67	63	65	64	60	57	40	16	51	57	60	65	80	98	108	108	112	111	102	79	69	84	69	19	21	41	52	61	73	84	104	132	142	133	107	85	54	27	26	20	78	128	128	125	136	134	143	146	142	141	142	143	140	135	133	134	119	107	93	84	81	88	101	113	121	126	127	127	130	129	129	133	119	73	62	76	53	18	25	56
145	142	143	142	131	112	98	97	105	107	113	116	119	117	95	65	50	70	57	31	55	84	93	120	123	122	121	119	114	106	98	92	86	85	83	90	96	78	64	68	72	72	64	62	66	58	52	61	62	61	54	53	64	63	48	34	62	65	69	78	94	110	117	115	121	122	122	96	65	72	75	45	10	26	43	58	69	77	94	116	141	140	118	97	64	34	26	16	55	119	130	120	123	118	119	124	127	126	128	130	127	119	111	107	98	91	86	88	94	102	113	122	123	128	129	129	132	130	129	132	131	93	66	74	69	31	19	50
145	143	143	142	129	107	90	85	84	98	114	120	120	116	100	80	54	68	74	33	28	60	70	96	121	120	119	118	115	111	107	104	106	102	98	105	105	81	61	67	58	62	56	63	79	70	57	69	79	71	43	32	53	60	50	49	57	64	75	87	101	114	119	117	120	114	123	109	71	61	73	68	11	17	35	56	66	73	87	103	136	143	125	104	76	45	33	20	33	103	131	124	127	122	112	113	115	112	112	114	114	107	100	96	98	95	96	104	113	120	125	129	126	130	131	131	133	132	129	131	133	114	76	67	76	46	18	34
143	144	145	139	123	101	87	82	93	107	119	121	123	124	121	117	75	70	90	55	20	43	60	72	75	85	101	116	124	125	122	119	111	107	104	112	110	84	62	64	21	30	38	67	104	106	96	106	122	102	56	32	48	49	36	38	50	63	81	97	107	115	120	121	120	107	116	120	87	61	66	78	25	16	29	54	63	72	86	95	130	146	132	112	85	55	39	25	17	73	116	126	138	143	136	135	130	123	120	120	120	117	114	113	115	113	115	122	128	130	130	131	129	132	131	131	135	132	129	131	129	130	91	62	73	62	27	17
142	143	141	131	113	95	86	85	99	114	126	127	132	133	130	129	93	68	84	70	22	25	50	51	69	74	81	91	102	115	127	134	113	113	111	113	108	80	53	50	18	28	44	78	116	127	122	124	133	114	75	52	59	56	42	44	59	73	92	105	112	116	121	124	125	113	115	123	107	73	62	76	48	22	25	49	59	71	87	91	123	147	138	117	95	64	43	27	19	42	89	111	122	135	135	136	141	136	133	132	132	130	130	132	129	128	129	133	135	133	131	131	133	135	132	130	134	132	129	130	126	134	105	66	65	71	42	7
141	138	131	118	103	90	88	88	101	116	126	132	140	138	130	127	113	73	67	74	32	10	37	44	69	75	84	89	91	89	86	85	109	115	116	117	113	88	61	53	54	59	72	90	106	116	114	107	106	100	83	74	75	74	72	76	81	88	99	109	114	118	121	125	121	124	117	117	118	91	66	71	71	29	21	43	53	69	88	89	111	143	140	125	105	74	49	31	30	20	70	103	102	110	111	113	128	128	131	135	135	133	133	135	135	135	136	137	136	134	134	136	136	136	131	129	133	131	129	130	128	130	116	81	64	75	57	8
140	134	123	108	95	88	87	89	118	126	124	125	137	141	138	142	133	89	60	76	47	8	34	49	58	69	83	94	99	97	94	92	90	102	112	120	126	111	89	81	82	83	91	94	91	98	101	91	88	88	87	84	80	81	91	101	100	100	103	109	114	117	119	121	113	131	119	108	120	104	72	68	85	32	18	38	49	68	89	88	98	136	139	128	113	82	55	35	32	7	64	108	100	102	104	105	109	115	125	135	137	135	134	135	136	136	137	139	137	136	138	143	138	137	131	128	132	131	128	130	132	126	123	94	65	75	66	13
137	119	97	83	77	83	97	112	124	127	131	135	137	137	136	135	134	108	63	75	70	23	22	41	56	66	79	91	100	105	104	101	98	95	91	86	87	96	111	123	122	120	118	115	112	110	109	109	110	107	104	104	106	110	114	115	124	121	113	108	111	112	114	120	119	128	122	114	124	122	90	60	75	69	24	23	47	59	82	86	99	114	141	144	118	96	72	42	27	26	36	92	118	105	111	103	100	97	97	103	111	121	133	142	136	137	139	139	137	136	135	135	137	137	136	136	134	133	132	130	130	131	132	116	75	67	81	53
112	101	90	85	87	94	107	119	126	128	132	135	137	137	137	136	131	119	77	67	73	41	23	38	56	66	81	91	101	107	109	108	105	104	100	96	92	94	99	103	113	114	117	119	120	120	118	117	112	114	116	119	120	119	115	113	120	121	116	112	115	115	116	120	122	126	123	117	123	123	98	65	71	77	35	13	39	56	70	86	94	108	135	146	127	104	79	51	28	24	27	78	113	110	115	111	106	104	102	104	107	111	117	122	136	136	135	134	134	136	140	143	134	134	133	132	131	130	131	132	133	129	129	124	85	61	73	67
94	92	92	97	104	111	120	127	129	131	133	135	136	137	137	137	130	130	97	61	73	65	28	30	54	66	82	92	98	105	110	110	111	111	109	107	103	99	95	93	85	87	92	99	107	115	121	124	127	126	124	122	121	121	122	123	119	121	119	117	120	120	118	121	127	124	125	123	121	124	109	76	67	82	52	8	27	54	58	84	90	98	127	147	138	115	88	62	33	27	18	57	104	113	115	116	116	113	111	110	108	105	104	105	111	117	126	134	137	138	137	136	133	133	133	131	128	128	131	134	136	129	125	131	101	59	64	77
102	105	109	116	122	126	129	131	132	132	132	133	134	135	135	135	132	133	117	66	67	80	38	18	49	63	82	92	97	101	105	106	110	109	109	110	111	109	107	104	94	92	89	89	94	104	114	120	127	126	124	123	122	123	126	128	123	125	123	121	124	123	121	124	130	122	127	128	119	125	119	88	63	75	68	17	15	47	52	75	87	93	119	146	146	125	95	71	43	31	13	37	88	110	108	108	117	117	116	117	115	110	107	107	93	100	112	121	127	129	129	128	133	134	135	133	130	129	131	134	134	133	126	134	115	70	61	73
122	124	128	130	132	134	134	133	133	133	132	132	132	132	133	133	137	130	131	84	61	82	53	13	38	56	78	92	100	105	107	107	106	104	103	105	109	114	117	118	118	112	102	93	87	87	89	91	101	109	118	126	129	127	124	122	128	130	126	123	125	124	123	126	131	122	128	130	120	125	125	103	70	63	75	38	11	38	52	63	85	89	111	139	148	130	100	78	50	34	14	22	70	105	104	104	112	112	114	118	119	117	116	117	110	108	104	102	103	109	118	124	131	134	135	135	133	132	132	133	132	139	128	131	124	90	69	61
133	135	136	135	135	137	136	134	135	134	134	133	132	132	131	131	137	126	136	106	66	75	67	24	26	44	69	88	102	110	114	115	107	105	102	101	102	107	113	117	113	111	107	102	96	90	86	83	91	97	104	111	115	118	122	125	128	129	126	124	126	125	124	127	129	124	128	130	123	125	125	114	82	58	72	59	20	25	49	53	77	84	102	127	143	133	107	86	57	36	21	15	51	100	110	107	107	107	109	114	116	117	119	121	125	121	116	109	104	103	106	108	124	126	127	129	131	132	132	132	129	139	129	128	128	109	84	54
136	138	138	135	135	138	139	136	137	137	136	136	134	133	131	131	135	131	135	125	83	67	74	50	17	33	56	78	96	109	116	117	115	114	111	106	101	100	102	105	108	111	114	116	116	114	110	108	102	100	96	93	93	101	113	122	120	124	123	124	128	127	124	126	126	126	128	127	126	124	122	121	98	66	62	72	35	12	38	51	66	77	93	115	135	135	115	96	70	42	32	15	34	95	119	117	114	110	109	109	110	110	112	116	120	123	126	126	121	114	108	104	114	112	112	116	122	129	132	132	128	135	127	127	127	118	99	60
137	140	140	136	137	140	140	137	139	139	139	138	136	134	132	131	130	136	133	135	99	64	77	71	13	27	46	67	87	103	112	114	121	123	122	115	105	98	95	96	109	110	111	112	112	112	111	110	107	105	100	94	89	90	96	102	112	118	121	124	129	128	123	124	123	128	127	126	128	123	119	125	108	74	54	76	48	6	29	51	56	71	86	106	130	137	122	104	82	50	42	16	24	92	124	123	124	118	112	109	106	104	106	109	115	118	122	125	124	123	122	121	105	101	99	103	114	125	131	133	128	129	124	127	125	121	107	69
125	132	138	139	139	139	139	138	138	138	138	137	136	134	133	132	130	134	136	133	112	77	62	78	45	8	36	53	68	97	96	121	116	117	119	121	119	114	110	109	94	93	95	101	110	116	116	115	111	111	111	112	111	105	96	89	95	97	102	107	113	119	124	126	131	128	125	124	123	123	124	122	122	92	62	60	71	8	24	36	52	50	77	86	115	148	127	109	83	71	30	32	17	35	117	124	128	132	129	121	117	116	108	97	101	107	118	126	128	127	129	133	133	123	116	113	105	97	100	110	117	122	126	122	117	117	108	91
110	117	126	131	136	140	140	139	126	129	134	138	141	141	139	137	133	136	136	134	120	91	72	77	61	11	25	52	65	85	94	112	113	115	118	121	119	115	112	111	106	103	99	97	98	102	106	109	114	115	115	114	113	110	108	107	98	96	94	95	100	108	117	123	117	118	120	123	126	128	127	126	127	100	78	57	71	38	11	33	48	52	69	79	107	140	134	116	92	76	42	35	18	28	98	125	126	127	124	120	119	118	112	105	101	102	106	112	117	120	126	131	132	127	124	125	122	111	105	105	104	111	121	122	120	118	105	85
114	112	108	107	113	126	137	142	139	138	136	135	135	136	137	138	135	136	134	134	128	109	84	73	75	23	15	45	59	71	90	100	108	112	117	120	120	117	115	114	114	112	107	99	93	91	93	97	110	113	115	117	116	115	115	115	116	111	104	97	94	95	98	100	115	116	119	123	126	125	122	120	126	107	92	56	64	73	4	27	40	54	59	70	92	123	143	128	104	81	57	40	20	21	68	123	125	122	120	120	122	121	118	114	104	100	98	100	105	112	121	129	130	129	129	130	130	126	117	110	98	97	97	95	97	105	104	92
125	118	106	98	101	112	121	125	135	135	135	136	136	136	137	137	136	136	133	132	133	123	95	69	76	44	15	29	49	60	82	90	102	108	115	119	119	119	118	117	114	114	114	111	105	97	91	87	94	99	105	112	117	117	113	110	122	121	118	113	107	101	95	91	110	110	111	113	118	121	122	121	117	112	98	69	54	84	16	15	29	54	53	64	77	104	145	138	117	87	69	43	26	19	41	111	127	122	119	122	124	123	121	120	110	106	101	98	98	103	113	122	127	129	128	125	126	130	128	124	117	108	98	88	84	90	89	79
128	127	124	120	117	114	107	100	102	109	121	133	140	143	142	140	137	136	134	134	137	132	106	76	67	66	27	14	37	53	71	84	94	104	113	116	117	119	120	119	114	114	115	117	117	112	102	94	85	87	90	98	109	114	114	111	112	115	120	123	123	119	114	111	99	97	96	98	106	114	122	126	111	117	100	87	49	73	44	8	20	48	52	63	69	91	139	144	128	93	74	46	33	22	24	88	125	124	123	124	125	124	121	120	114	113	110	104	97	95	101	110	121	127	130	126	124	128	132	133	136	133	130	122	108	93	73	51
134	135	135	132	128	123	115	107	104	105	108	113	120	128	135	139	136	135	137	137	137	135	118	93	64	74	43	9	25	48	59	77	87	99	109	112	114	118	119	118	119	116	113	115	119	119	115	109	94	89	84	86	95	106	115	119	116	117	120	123	124	124	123	122	110	105	99	95	96	99	103	104	105	113	98	98	55	56	68	15	15	35	52	66	72	91	131	148	133	102	81	54	40	27	19	59	116	123	126	125	123	124	122	118	116	116	116	111	102	95	95	99	111	120	130	132	129	127	128	131	129	131	137	136	124	108	87	67
132	134	134	131	129	130	130	129	127	121	112	105	104	109	117	123	126	127	134	136	131	130	124	110	74	65	56	19	14	43	52	66	81	94	106	109	111	116	118	116	120	117	114	113	115	117	118	117	110	105	94	85	84	91	104	114	123	123	123	122	122	122	121	121	128	123	116	109	102	94	87	83	90	93	90	88	68	49	77	36	15	20	50	71	84	104	125	149	136	113	91	66	44	28	22	34	100	117	126	122	120	125	125	118	120	118	118	118	114	106	99	96	100	105	117	129	130	126	126	130	121	122	127	128	123	119	115	108
115	124	133	136	137	136	134	131	124	123	122	120	116	111	107	104	116	118	128	131	123	123	125	118	86	53	63	30	8	40	48	59	77	92	104	107	109	114	116	115	117	118	118	116	114	112	114	115	121	118	109	93	80	78	89	100	113	116	120	124	127	128	128	127	127	126	125	122	116	105	94	86	73	69	77	70	74	49	77	56	16	10	48	74	94	117	123	149	135	122	100	75	47	29	25	20	86	110	124	119	118	127	128	119	125	120	118	122	125	119	107	99	90	90	100	118	126	125	127	135	132	132	135	135	128	126	126	123